['supplementary corpora/BachCelloSuiteP1.mid', 'supplementary corpora/BachCelloSuiteP5.mid', 'supplementary corpora/Battle_Hymn_Of_The_Republic_5.mid', 'supplementary corpora/ShuleaAgra.mid', 'supplementary corpora/WTK1.mid', 'supplementary corpora/WTK6.mid', 'supplementary corpora/amazinggrace.mid', 'supplementary corpora/americathebeautiful.mid', 'supplementary corpora/anorthco.mid', 'supplementary corpora/dabblinginthedew.mid', 'supplementary corpora/myboy.mid', 'supplementary corpora/thenoblemanswedding.mid']


----------------------------------------------------------------
BachCelloSuiteP1.mid
----------------------------------------------------------------


[[0.07164634146341463, 0, 0.03353658536585366, 0, 0.004573170731707317, 0.019817073170731708, 0, 0.004573170731707317, 0, 0.019817073170731708, 0.039634146341463415, 0.001524390243902439], [0, 0, 0, 0, 0, 0, 0, 0, 0, 0, 0, 0], [0.03048780487804878, 0, 0.003048780487804878, 0.028963414634146343, 0.001524390243902439, 0.01676829268292683, 0, 0.003048780487804878, 0.006097560975609756, 0.001524390243902439, 0.03353658536585366, 0], [0.013719512195121951, 0, 0.024390243902439025, 0.001524390243902439, 0.001524390243902439, 0.019817073170731708, 0, 0.01524390243902439, 0, 0.021341463414634148, 0.006097560975609756, 0], [0.003048780487804878, 0, 0.009146341463414634, 0, 0, 0.010670731707317074, 0, 0.001524390243902439, 0, 0, 0.003048780487804878, 0], [0.013719512195121951, 0, 0.01676829268292683, 0.028963414634146343, 0.012195121951219513, 0.022865853658536585, 0, 0.024390243902439025, 0.003048780487804878, 0.007621951219512195, 0.009146341463414634, 0.004573170731707317], [0, 0, 0, 0, 0, 0, 0, 0, 0, 0, 0, 0], [0.003048780487804878, 0, 0.004573170731707317, 0.012195121951219513, 0.003048780487804878, 0.027439024390243903, 0, 0.003048780487804878, 0.009146341463414634, 0.0350609756097561, 0.007621951219512195, 0], [0, 0, 0.006097560975609756, 0, 0, 0.003048780487804878, 0, 0.006097560975609756, 0, 0.003048780487804878, 0, 0], [0.018292682926829267, 0, 0, 0.027439024390243903, 0, 0.012195121951219513, 0, 0.03048780487804878, 0, 0, 0.039634146341463415, 0], [0.038109756097560975, 0, 0.027439024390243903, 0.004573170731707317, 0.004573170731707317, 0.006097560975609756, 0, 0.01676829268292683, 0, 0.039634146341463415, 0.006097560975609756, 0.001524390243902439], [0.003048780487804878, 0, 0, 0, 0, 0.004573170731707317, 0, 0, 0, 0, 0, 0]]


----------------------------------------------------------------
BachCelloSuiteP1.mid to BachCelloSuiteP5.mid
----------------------------------------------------------------


MSE: 0.00684846790435


----------------------------------------------------------------
BachCelloSuiteP1.mid to Battle_Hymn_Of_The_Republic_5.mid
----------------------------------------------------------------


MSE: 0.00760955808268


----------------------------------------------------------------
BachCelloSuiteP1.mid to ShuleaAgra.mid
----------------------------------------------------------------


MSE: 0.00606045989875


----------------------------------------------------------------
BachCelloSuiteP1.mid to WTK1.mid
----------------------------------------------------------------


MSE: 0.00995873710015


----------------------------------------------------------------
BachCelloSuiteP1.mid to WTK6.mid
----------------------------------------------------------------


MSE: 0.00325919741885


----------------------------------------------------------------
BachCelloSuiteP1.mid to amazinggrace.mid
----------------------------------------------------------------


MSE: 0.00863544706385


----------------------------------------------------------------
BachCelloSuiteP1.mid to americathebeautiful.mid
----------------------------------------------------------------


MSE: 0.00816508668957


----------------------------------------------------------------
BachCelloSuiteP1.mid to anorthco.mid
----------------------------------------------------------------


MSE: 0.00600155228014


----------------------------------------------------------------
BachCelloSuiteP1.mid to dabblinginthedew.mid
----------------------------------------------------------------


MSE: 0.00566569899729


----------------------------------------------------------------
BachCelloSuiteP1.mid to myboy.mid
----------------------------------------------------------------


MSE: 0.00124905909153


----------------------------------------------------------------
BachCelloSuiteP1.mid to thenoblemanswedding.mid
----------------------------------------------------------------


MSE: 0.00695689526812


----------------------------------------------------------------
BachCelloSuiteP5.mid
----------------------------------------------------------------


[[0.0007293946024799417, 0, 0.0350109409190372, 0.0036469730123997084, 0, 0.0007293946024799417, 0, 0.0014587892049598833, 0.0014587892049598833, 0.002188183807439825, 0.006564551422319475, 0], [0, 0, 0, 0, 0, 0, 0, 0, 0, 0, 0, 0], [0.018964259664478483, 0, 0.005835156819839533, 0.049598832968636035, 0, 0.010940919037199124, 0, 0.008023340627279359, 0.005105762217359592, 0.0007293946024799417, 0.024799416484318017, 0.021152443471918306], [0.0087527352297593, 0, 0.03865791393143691, 0.014587892049598834, 0.0014587892049598833, 0.03938730853391685, 0, 0.020423048869438368, 0.012399708242159009, 0.00437636761487965, 0.009482129832239242, 0.0036469730123997084], [0, 0, 0.0014587892049598833, 0.005105762217359592, 0, 0, 0, 0, 0.0007293946024799417, 0, 0, 0], [0, 0, 0.0175054704595186, 0.025528811086797956, 0.0007293946024799417, 0.005835156819839533, 0, 0.05908096280087528, 0.008023340627279359, 0.0014587892049598833, 0.0087527352297593, 0.0036469730123997084], [0, 0, 0, 0, 0, 0, 0, 0, 0, 0, 0, 0], [0.002188183807439825, 0, 0.005835156819839533, 0.023340627279358133, 0.0029175784099197666, 0.0437636761487965, 0, 0.0036469730123997084, 0.03865791393143691, 0.006564551422319475, 0.01823486506199854, 0.0036469730123997084], [0.005105762217359592, 0, 0.008023340627279359, 0.006564551422319475, 0.0007293946024799417, 0.01823486506199854, 0, 0.031363967906637494, 0.005105762217359592, 0, 0.031363967906637494, 0.007293946024799417], [0.0014587892049598833, 0, 0, 0.002188183807439825, 0, 0.0007293946024799417, 0, 0.002188183807439825, 0.0007293946024799417, 0, 0.013858497447118891, 0], [0.014587892049598834, 0, 0.010940919037199124, 0.01312910284463895, 0.0007293946024799417, 0.010211524434719184, 0, 0.019693654266958426, 0.030634573304157548, 0.005105762217359592, 0.01312910284463895, 0.03355215171407731], [0, 0, 0.02188183807439825, 0.009482129832239242, 0.0007293946024799417, 0.0007293946024799417, 0, 0.0029175784099197666, 0.010940919037199124, 0.0007293946024799417, 0.025528811086797956, 0.0029175784099197666]]


----------------------------------------------------------------
BachCelloSuiteP5.mid to Battle_Hymn_Of_The_Republic_5.mid
----------------------------------------------------------------


MSE: 0.000702936438726


----------------------------------------------------------------
BachCelloSuiteP5.mid to ShuleaAgra.mid
----------------------------------------------------------------


MSE: 0.00236508502098


----------------------------------------------------------------
BachCelloSuiteP5.mid to WTK1.mid
----------------------------------------------------------------


MSE: 0.0038739125146


----------------------------------------------------------------
BachCelloSuiteP5.mid to WTK6.mid
----------------------------------------------------------------


MSE: 0.00222299246685


----------------------------------------------------------------
BachCelloSuiteP5.mid to amazinggrace.mid
----------------------------------------------------------------


MSE: 0.00144153570254


----------------------------------------------------------------
BachCelloSuiteP5.mid to americathebeautiful.mid
----------------------------------------------------------------


MSE: 0.00192667962512


----------------------------------------------------------------
BachCelloSuiteP5.mid to anorthco.mid
----------------------------------------------------------------


MSE: 0.00211674339441


----------------------------------------------------------------
BachCelloSuiteP5.mid to dabblinginthedew.mid
----------------------------------------------------------------


MSE: 0.00385287753078


----------------------------------------------------------------
BachCelloSuiteP5.mid to myboy.mid
----------------------------------------------------------------


MSE: 0.00421699081569


----------------------------------------------------------------
BachCelloSuiteP5.mid to thenoblemanswedding.mid
----------------------------------------------------------------


MSE: 0.000988220067885


----------------------------------------------------------------
Battle_Hymn_Of_The_Republic_5.mid
----------------------------------------------------------------


[[0.0012642225031605564, 0, 0.009165613147914033, 0.0012642225031605564, 0, 0.0015802781289506952, 0, 0, 0.005372945638432364, 0, 0.0041087231352718075, 0], [0, 0, 0, 0, 0, 0, 0, 0, 0, 0, 0, 0], [0.007585335018963337, 0, 0.030973451327433628, 0.011694058154235146, 0, 0.09987357774968394, 0, 0.010113780025284451, 0.04013906447534766, 0, 0.012958280657395701, 0.0003160556257901391], [0.0009481668773704172, 0, 0.01675094816687737, 0.0050568900126422255, 0, 0.007901390644753476, 0, 0.005372945638432364, 0.007269279393173199, 0, 0.0028445006321112516, 0.0003160556257901391], [0, 0, 0.0003160556257901391, 0, 0, 0.0009481668773704172, 0, 0, 0.012326169405815424, 0, 0, 0], [0.0006321112515802782, 0, 0.09134007585335019, 0.010745891276864728, 0.012326169405815424, 0.09702907711757269, 0, 0.00347661188369153, 0.09102402022756005, 0, 0.006321112515802781, 0], [0, 0, 0, 0, 0, 0, 0, 0, 0, 0, 0, 0], [0, 0, 0.007269279393173199, 0.007901390644753476, 0.0012642225031605564, 0.012642225031605562, 0, 0.008849557522123894, 0.007269279393173199, 0, 0.014222503160556258, 0.0003160556257901391], [0.007269279393173199, 0, 0.0461441213653603, 0.0060050568900126425, 0, 0.08849557522123894, 0, 0.01675094816687737, 0.058786346396965866, 0, 0.021175726927939318, 0], [0, 0, 0, 0, 0, 0, 0, 0, 0, 0, 0, 0], [0.0050568900126422255, 0, 0.011378002528445006, 0.0031605562579013905, 0, 0.004424778761061947, 0, 0.014854614412136535, 0.022756005056890013, 0, 0.022756005056890013, 0.0003160556257901391], [0, 0, 0, 0.0006321112515802782, 0, 0, 0, 0.0003160556257901391, 0, 0, 0.0003160556257901391, 0]]


----------------------------------------------------------------
Battle_Hymn_Of_The_Republic_5.mid to ShuleaAgra.mid
----------------------------------------------------------------


MSE: 0.00302621328465


----------------------------------------------------------------
Battle_Hymn_Of_The_Republic_5.mid to WTK1.mid
----------------------------------------------------------------


MSE: 0.00287736082764


----------------------------------------------------------------
Battle_Hymn_Of_The_Republic_5.mid to WTK6.mid
----------------------------------------------------------------


MSE: 0.00204524067616


----------------------------------------------------------------
Battle_Hymn_Of_The_Republic_5.mid to amazinggrace.mid
----------------------------------------------------------------


MSE: 0.000341867769406


----------------------------------------------------------------
Battle_Hymn_Of_The_Republic_5.mid to americathebeautiful.mid
----------------------------------------------------------------


MSE: 0.000721802147149


----------------------------------------------------------------
Battle_Hymn_Of_The_Republic_5.mid to anorthco.mid
----------------------------------------------------------------


MSE: 0.00186984338835


----------------------------------------------------------------
Battle_Hymn_Of_The_Republic_5.mid to dabblinginthedew.mid
----------------------------------------------------------------


MSE: 0.0031011465721


----------------------------------------------------------------
Battle_Hymn_Of_The_Republic_5.mid to myboy.mid
----------------------------------------------------------------


MSE: 0.00432231992781


----------------------------------------------------------------
Battle_Hymn_Of_The_Republic_5.mid to thenoblemanswedding.mid
----------------------------------------------------------------


MSE: 0.000504267851682


----------------------------------------------------------------
ShuleaAgra.mid
----------------------------------------------------------------


[[0, 0, 0.03043867502238138, 0, 0, 0.0035810205908683975, 0, 0.0035810205908683975, 0.0035810205908683975, 0, 0.05461056401074306, 0], [0, 0, 0, 0, 0, 0, 0, 0, 0, 0, 0, 0], [0.05998209489704566, 0, 0.017905102954341987, 0.02864816472694718, 0, 0.008057296329453895, 0, 0.007162041181736795, 0.025067144136078783, 0, 0.02864816472694718, 0], [0.007162041181736795, 0, 0.03581020590868397, 0.03939122649955237, 0, 0.046553267681289166, 0, 0, 0.0035810205908683975, 0, 0.017905102954341987, 0], [0, 0, 0, 0, 0, 0, 0, 0, 0, 0, 0, 0], [0.007162041181736795, 0, 0.02685765443151298, 0.03581020590868397, 0, 0.04207699194270367, 0, 0.025067144136078783, 0.01432408236347359, 0.0035810205908683975, 0.05371530886302596, 0], [0, 0, 0, 0, 0, 0, 0, 0, 0, 0, 0, 0], [0.0035810205908683975, 0, 0.007162041181736795, 0.017905102954341987, 0, 0.007162041181736795, 0, 0.0035810205908683975, 0.01432408236347359, 0.0035810205908683975, 0.007162041181736795, 0], [0, 0, 0.02864816472694718, 0.007162041181736795, 0, 0.025067144136078783, 0, 0.0035810205908683975, 0.010743061772605193, 0, 0.007162041181736795, 0], [0, 0, 0, 0, 0, 0, 0, 0, 0, 0, 0.017905102954341987, 0], [0.017905102954341987, 0, 0.02864816472694718, 0.021486123545210387, 0, 0.0756490599820949, 0, 0.021486123545210387, 0.010743061772605193, 0.010743061772605193, 0.017905102954341987, 0], [0, 0, 0, 0, 0, 0, 0, 0, 0, 0, 0, 0]]


----------------------------------------------------------------
ShuleaAgra.mid to WTK1.mid
----------------------------------------------------------------


MSE: 0.00666317474151


----------------------------------------------------------------
ShuleaAgra.mid to WTK6.mid
----------------------------------------------------------------


MSE: 0.00295656085952


----------------------------------------------------------------
ShuleaAgra.mid to amazinggrace.mid
----------------------------------------------------------------


MSE: 0.00416141680924


----------------------------------------------------------------
ShuleaAgra.mid to americathebeautiful.mid
----------------------------------------------------------------


MSE: 0.00381292499178


----------------------------------------------------------------
ShuleaAgra.mid to anorthco.mid
----------------------------------------------------------------


MSE: 0.000734040424918


----------------------------------------------------------------
ShuleaAgra.mid to dabblinginthedew.mid
----------------------------------------------------------------


MSE: 0.00359735944734


----------------------------------------------------------------
ShuleaAgra.mid to myboy.mid
----------------------------------------------------------------


MSE: 0.00564168886736


----------------------------------------------------------------
ShuleaAgra.mid to thenoblemanswedding.mid
----------------------------------------------------------------


MSE: 0.00156883613883


----------------------------------------------------------------
WTK1.mid
----------------------------------------------------------------


[[0.0035398230088495575, 0, 0, 0.04601769911504425, 0, 0.02831858407079646, 0, 0.007079646017699115, 0.0035398230088495575, 0, 0, 0], [0, 0, 0, 0, 0, 0, 0, 0, 0, 0, 0, 0], [0, 0, 0, 0.024778761061946902, 0, 0.03008849557522124, 0, 0.012389380530973451, 0.023008849557522124, 0, 0.007079646017699115, 0], [0.010619469026548672, 0, 0.0035398230088495575, 0.010619469026548672, 0, 0.021238938053097345, 0, 0.09026548672566372, 0.03185840707964602, 0.007079646017699115, 0.023008849557522124, 0], [0, 0, 0, 0, 0, 0, 0, 0.0035398230088495575, 0.0017699115044247787, 0, 0.0017699115044247787, 0], [0.01415929203539823, 0, 0.008849557522123894, 0.005309734513274336, 0, 0.0035398230088495575, 0, 0, 0.033628318584070796, 0.01415929203539823, 0.047787610619469026, 0.0017699115044247787], [0, 0, 0, 0, 0, 0, 0, 0, 0, 0, 0, 0], [0.021238938053097345, 0, 0.010619469026548672, 0.01592920353982301, 0, 0.0017699115044247787, 0, 0, 0.007079646017699115, 0.0035398230088495575, 0.06902654867256637, 0.0017699115044247787], [0.02831858407079646, 0, 0.01415929203539823, 0.008849557522123894, 0, 0.008849557522123894, 0, 0.0035398230088495575, 0.0035398230088495575, 0, 0.04070796460176991, 0.0035398230088495575], [0.010619469026548672, 0, 0, 0.010619469026548672, 0, 0, 0, 0, 0, 0, 0.0035398230088495575, 0], [0, 0, 0.06017699115044248, 0.07610619469026549, 0.007079646017699115, 0.03185840707964602, 0, 0.01415929203539823, 0.0035398230088495575, 0, 0.010619469026548672, 0], [0, 0, 0, 0, 0, 0.0035398230088495575, 0, 0, 0.0035398230088495575, 0, 0, 0]]


----------------------------------------------------------------
WTK1.mid to WTK6.mid
----------------------------------------------------------------


MSE: 0.00283948659664


----------------------------------------------------------------
WTK1.mid to amazinggrace.mid
----------------------------------------------------------------


MSE: 0.00150415719287


----------------------------------------------------------------
WTK1.mid to americathebeautiful.mid
----------------------------------------------------------------


MSE: 0.0017257645196


----------------------------------------------------------------
WTK1.mid to anorthco.mid
----------------------------------------------------------------


MSE: 0.00430834360889


----------------------------------------------------------------
WTK1.mid to dabblinginthedew.mid
----------------------------------------------------------------


MSE: 0.0033561074747


----------------------------------------------------------------
WTK1.mid to myboy.mid
----------------------------------------------------------------


MSE: 0.00665458741642


----------------------------------------------------------------
WTK1.mid to thenoblemanswedding.mid
----------------------------------------------------------------


MSE: 0.00358408928436


----------------------------------------------------------------
WTK6.mid
----------------------------------------------------------------


[[0.026217228464419477, 0, 0.018726591760299626, 0.010611735330836454, 0.008114856429463172, 0.026841448189762796, 0, 0.009363295880149813, 0.016229712858926344, 0.00749063670411985, 0.020599250936329586, 0.0024968789013732834], [0, 0, 0, 0, 0, 0, 0, 0, 0, 0, 0, 0], [0.02122347066167291, 0, 0.0149812734082397, 0.011235955056179775, 0.008114856429463172, 0.019350811485642945, 0, 0.0149812734082397, 0.008739076154806492, 0.003745318352059925, 0.018726591760299626, 0.0012484394506866417], [0.011860174781523096, 0, 0.011860174781523096, 0.010611735330836454, 0, 0.009987515605493134, 0, 0.00749063670411985, 0.0056179775280898875, 0.004369538077403246, 0.0024968789013732834, 0.0018726591760299626], [0.00686641697877653, 0, 0.006242197253433208, 0.0018726591760299626, 0.009363295880149813, 0.011860174781523096, 0, 0.010611735330836454, 0.004993757802746567, 0.0006242197253433209, 0.0056179775280898875, 0.0012484394506866417], [0.013108614232209739, 0, 0.019350811485642945, 0.012484394506866416, 0.011235955056179775, 0.03745318352059925, 0, 0.019350811485642945, 0.025593008739076155, 0.00686641697877653, 0.019350811485642945, 0.0024968789013732834], [0, 0, 0, 0, 0, 0, 0, 0, 0, 0, 0, 0], [0.012484394506866416, 0, 0.009363295880149813, 0.0056179775280898875, 0.009363295880149813, 0.028089887640449437, 0, 0.02247191011235955, 0.018102372034956304, 0.004369538077403246, 0.02122347066167291, 0.003121098626716604], [0.020599250936329586, 0, 0.009987515605493134, 0.003745318352059925, 0.003745318352059925, 0.01435705368289638, 0, 0.024344569288389514, 0.01373283395755306, 0.0006242197253433209, 0.015605493133583021, 0.003121098626716604], [0.0149812734082397, 0, 0.0018726591760299626, 0.0018726591760299626, 0.0006242197253433209, 0.003745318352059925, 0, 0.003121098626716604, 0.0012484394506866417, 0.004369538077403246, 0.004369538077403246, 0.0006242197253433209], [0.015605493133583021, 0, 0.026217228464419477, 0.00686641697877653, 0.008739076154806492, 0.01373283395755306, 0, 0.019350811485642945, 0.013108614232209739, 0.003745318352059925, 0.026841448189762796, 0.0018726591760299626], [0.003745318352059925, 0, 0.003745318352059925, 0.0012484394506866417, 0, 0.0018726591760299626, 0, 0.003121098626716604, 0.0024968789013732834, 0.0006242197253433209, 0.0012484394506866417, 0.0024968789013732834]]


----------------------------------------------------------------
WTK6.mid to amazinggrace.mid
----------------------------------------------------------------


MSE: 0.00233941861121


----------------------------------------------------------------
WTK6.mid to americathebeautiful.mid
----------------------------------------------------------------


MSE: 0.00181175653938


----------------------------------------------------------------
WTK6.mid to anorthco.mid
----------------------------------------------------------------


MSE: 0.00207545981147


----------------------------------------------------------------
WTK6.mid to dabblinginthedew.mid
----------------------------------------------------------------


MSE: 0.000933742312492


----------------------------------------------------------------
WTK6.mid to myboy.mid
----------------------------------------------------------------


MSE: 0.00210585174892


----------------------------------------------------------------
WTK6.mid to thenoblemanswedding.mid
----------------------------------------------------------------


MSE: 0.00165674785269


----------------------------------------------------------------
amazinggrace.mid
----------------------------------------------------------------


[[0, 0, 0, 0.014598540145985401, 0, 0.0072992700729927005, 0, 0, 0, 0, 0, 0], [0, 0, 0, 0, 0, 0, 0, 0, 0, 0, 0, 0], [0, 0, 0.043795620437956206, 0, 0, 0.051094890510948905, 0, 0.0072992700729927005, 0, 0, 0.10948905109489052, 0], [0, 0, 0, 0.021897810218978103, 0, 0.021897810218978103, 0, 0.0072992700729927005, 0, 0.014598540145985401, 0.014598540145985401, 0], [0, 0, 0, 0, 0, 0, 0, 0, 0, 0, 0, 0], [0.021897810218978103, 0, 0.051094890510948905, 0, 0, 0.029197080291970802, 0, 0.0072992700729927005, 0, 0.0072992700729927005, 0.11678832116788321, 0], [0, 0, 0, 0, 0, 0, 0, 0, 0, 0, 0, 0], [0, 0, 0.0072992700729927005, 0.021897810218978103, 0, 0, 0, 0.014598540145985401, 0, 0, 0.0072992700729927005, 0], [0, 0, 0, 0, 0, 0, 0, 0, 0, 0, 0, 0], [0, 0, 0, 0.0072992700729927005, 0, 0.014598540145985401, 0, 0, 0, 0, 0, 0], [0, 0, 0.10948905109489052, 0.014598540145985401, 0, 0.10218978102189781, 0, 0.021897810218978103, 0, 0, 0.12408759124087591, 0], [0, 0, 0, 0, 0, 0, 0, 0, 0, 0, 0, 0]]


----------------------------------------------------------------
amazinggrace.mid to americathebeautiful.mid
----------------------------------------------------------------


MSE: 0.000594316732649


----------------------------------------------------------------
amazinggrace.mid to anorthco.mid
----------------------------------------------------------------


MSE: 0.00234768498894


----------------------------------------------------------------
amazinggrace.mid to dabblinginthedew.mid
----------------------------------------------------------------


MSE: 0.00335464283006


----------------------------------------------------------------
amazinggrace.mid to myboy.mid
----------------------------------------------------------------


MSE: 0.00498235056025


----------------------------------------------------------------
amazinggrace.mid to thenoblemanswedding.mid
----------------------------------------------------------------


MSE: 0.0011788750608


----------------------------------------------------------------
americathebeautiful.mid
----------------------------------------------------------------


[[0.004347826086956522, 0, 0, 0.01956521739130435, 0, 0.004347826086956522, 0, 0, 0.021739130434782608, 0, 0.008333333333333333, 0], [0, 0, 0, 0, 0, 0, 0, 0, 0, 0, 0, 0], [0.008695652173913044, 0, 0, 0.009782608695652175, 0, 0.05652173913043478, 0, 0.008695652173913044, 0.008695652173913044, 0, 0.021739130434782608, 0], [0, 0, 0.013043478260869565, 0.04891304347826087, 0.004347826086956522, 0.013043478260869565, 0, 0.034782608695652174, 0.021739130434782608, 0, 0.07391304347826087, 0], [0, 0, 0.004347826086956522, 0, 0, 0, 0, 0, 0, 0, 0.004347826086956522, 0], [0, 0, 0.05217391304347826, 0.021739130434782608, 0, 0.02608695652173913, 0, 0.014130434782608696, 0.004347826086956522, 0.004347826086956522, 0.05217391304347826, 0], [0, 0, 0, 0, 0, 0, 0, 0, 0, 0, 0, 0], [0, 0, 0, 0.035869565217391305, 0, 0.004347826086956522, 0, 0.004347826086956522, 0.008695652173913044, 0.004347826086956522, 0.0391304347826087, 0], [0.021739130434782608, 0, 0.008695652173913044, 0.021739130434782608, 0, 0.014130434782608696, 0, 0, 0, 0, 0.013043478260869565, 0], [0.004347826086956522, 0, 0, 0, 0, 0, 0, 0.004347826086956522, 0.004347826086956522, 0, 0, 0], [0.01956521739130435, 0, 0.035869565217391305, 0.05217391304347826, 0.004347826086956522, 0.05652173913043478, 0, 0.030434782608695653, 0.009782608695652175, 0.004347826086956522, 0.03152173913043478, 0], [0, 0, 0, 0, 0, 0, 0, 0, 0, 0, 0, 0]]


----------------------------------------------------------------
americathebeautiful.mid to anorthco.mid
----------------------------------------------------------------


MSE: 0.00230023597271


----------------------------------------------------------------
americathebeautiful.mid to dabblinginthedew.mid
----------------------------------------------------------------


MSE: 0.0016873848237


----------------------------------------------------------------
americathebeautiful.mid to myboy.mid
----------------------------------------------------------------


MSE: 0.0048655556367


----------------------------------------------------------------
americathebeautiful.mid to thenoblemanswedding.mid
----------------------------------------------------------------


MSE: 0.000793449206259


----------------------------------------------------------------
anorthco.mid
----------------------------------------------------------------


[[0, 0, 0.011527377521613832, 0.005763688760806916, 0, 0.005763688760806916, 0, 0.011527377521613832, 0, 0.011527377521613832, 0.043227665706051875, 0], [0, 0, 0, 0, 0, 0, 0, 0, 0, 0, 0, 0], [0.01729106628242075, 0, 0.06628242074927954, 0.023054755043227664, 0, 0.005763688760806916, 0, 0.02881844380403458, 0, 0.023054755043227664, 0.01729106628242075, 0], [0, 0, 0.008645533141210375, 0, 0, 0.023054755043227664, 0, 0, 0, 0.005763688760806916, 0.008645533141210375, 0], [0, 0, 0, 0, 0, 0.005763688760806916, 0, 0, 0, 0, 0, 0], [0.011527377521613832, 0, 0.023054755043227664, 0.005763688760806916, 0.005763688760806916, 0.005763688760806916, 0, 0.01440922190201729, 0, 0.011527377521613832, 0.005763688760806916, 0], [0, 0, 0, 0, 0, 0, 0, 0, 0, 0, 0, 0], [0.005763688760806916, 0, 0.040345821325648415, 0.005763688760806916, 0, 0.020172910662824207, 0, 0.06051873198847262, 0, 0.07204610951008646, 0.023054755043227664, 0], [0, 0, 0, 0, 0, 0, 0, 0, 0, 0, 0, 0], [0.01729106628242075, 0, 0.005763688760806916, 0, 0, 0.005763688760806916, 0, 0.07780979827089338, 0, 0.008645533141210375, 0.07204610951008646, 0], [0.037463976945244955, 0, 0.024495677233429394, 0.005763688760806916, 0, 0.011527377521613832, 0, 0.0345821325648415, 0, 0.05475504322766571, 0.008645533141210375, 0], [0, 0, 0, 0, 0, 0, 0, 0, 0, 0, 0, 0]]


----------------------------------------------------------------
anorthco.mid to dabblinginthedew.mid
----------------------------------------------------------------


MSE: 0.00297276330741


----------------------------------------------------------------
anorthco.mid to myboy.mid
----------------------------------------------------------------


MSE: 0.00493987745897


----------------------------------------------------------------
anorthco.mid to thenoblemanswedding.mid
----------------------------------------------------------------


MSE: 0.00091610554008


----------------------------------------------------------------
dabblinginthedew.mid
----------------------------------------------------------------


[[0.01957585644371941, 0, 0.010603588907014683, 0.017128874388254486, 0, 0.028548123980424143, 0, 0.0024469820554649264, 0.03915171288743882, 0, 0.02936378466557912, 0], [0, 0, 0, 0, 0, 0, 0, 0, 0, 0, 0, 0], [0.024469820554649267, 0, 0.004893964110929853, 0.017128874388254486, 0, 0.01468189233278956, 0, 0, 0.009787928221859706, 0, 0.012234910277324634, 0], [0.026916802610114192, 0, 0.024469820554649267, 0.01468189233278956, 0, 0.04404567699836868, 0, 0.012234910277324634, 0.03181076672104405, 0, 0.009787928221859706, 0], [0, 0, 0, 0, 0, 0, 0, 0, 0, 0, 0, 0], [0.012234910277324634, 0, 0.01957585644371941, 0.053833605220228384, 0, 0.055057096247960846, 0, 0.042822185970636216, 0.035481239804241435, 0, 0.00734094616639478, 0], [0, 0, 0, 0, 0, 0, 0, 0, 0, 0, 0, 0], [0.0024469820554649264, 0, 0.0024469820554649264, 0.026916802610114192, 0, 0.04241435562805873, 0, 0.02202283849918434, 0.029771615008156605, 0, 0.0024469820554649264, 0], [0.02936378466557912, 0, 0.017128874388254486, 0.01957585644371941, 0, 0.03588907014681892, 0, 0.041598694942903754, 0.019168026101141926, 0, 0.012234910277324634, 0], [0, 0, 0, 0, 0, 0, 0, 0, 0, 0, 0, 0], [0.03181076672104405, 0, 0.004078303425774877, 0.01468189233278956, 0, 0.005709624796084829, 0, 0.00734094616639478, 0.009787928221859706, 0, 0.0024469820554649264, 0], [0, 0, 0, 0, 0, 0, 0, 0, 0, 0, 0, 0]]


----------------------------------------------------------------
dabblinginthedew.mid to myboy.mid
----------------------------------------------------------------


MSE: 0.00456741683875


----------------------------------------------------------------
dabblinginthedew.mid to thenoblemanswedding.mid
----------------------------------------------------------------


MSE: 0.00205425637013


----------------------------------------------------------------
myboy.mid
----------------------------------------------------------------


[[0.06204906204906205, 0, 0.023088023088023088, 0.004329004329004329, 0.010101010101010102, 0.005772005772005772, 0, 0.007215007215007215, 0, 0.005772005772005772, 0.015873015873015872, 0.007215007215007215], [0, 0, 0, 0, 0, 0, 0, 0, 0, 0, 0, 0], [0.010101010101010102, 0, 0.03896103896103896, 0.010101010101010102, 0.007215007215007215, 0.015873015873015872, 0, 0.001443001443001443, 0, 0, 0.03463203463203463, 0.001443001443001443], [0.012987012987012988, 0, 0.005772005772005772, 0.023088023088023088, 0, 0.02886002886002886, 0, 0.01443001443001443, 0, 0, 0.002886002886002886, 0], [0.012987012987012988, 0, 0.001443001443001443, 0, 0.012987012987012988, 0.002886002886002886, 0, 0.005772005772005772, 0, 0, 0, 0], [0.008658008658008658, 0, 0.020202020202020204, 0.03607503607503607, 0.002886002886002886, 0.0735930735930736, 0, 0.021645021645021644, 0, 0.011544011544011544, 0.025974025974025976, 0], [0, 0, 0, 0, 0, 0, 0, 0, 0, 0, 0, 0], [0.01443001443001443, 0, 0.002886002886002886, 0.007215007215007215, 0.002886002886002886, 0.031746031746031744, 0, 0.044733044733044736, 0, 0.010101010101010102, 0.007215007215007215, 0.001443001443001443], [0, 0, 0, 0, 0, 0, 0, 0, 0, 0, 0, 0], [0.001443001443001443, 0, 0.002886002886002886, 0, 0, 0.015873015873015872, 0, 0.015873015873015872, 0, 0.03318903318903319, 0.012987012987012988, 0.001443001443001443], [0.015873015873015872, 0, 0.024531024531024532, 0.007215007215007215, 0, 0.024531024531024532, 0, 0.007215007215007215, 0, 0.020202020202020204, 0.08080808080808081, 0], [0.004329004329004329, 0, 0, 0, 0, 0, 0, 0.004329004329004329, 0, 0.002886002886002886, 0, 0.01443001443001443]]


----------------------------------------------------------------
myboy.mid to thenoblemanswedding.mid
----------------------------------------------------------------


MSE: 0.00447949367236


----------------------------------------------------------------
thenoblemanswedding.mid
----------------------------------------------------------------


[[0, 0, 0.012804626187525816, 0.0016522098306484924, 0, 0, 0, 0.007434944237918215, 0.0161090458488228, 0, 0.021891780256092525, 0], [0, 0, 0, 0, 0, 0, 0, 0, 0, 0, 0, 0], [0.0028913672036348617, 0, 0, 0.025196199917389507, 0, 0.004543577034283354, 0, 0.007434944237918215, 0.026848409748038, 0, 0.008674101610904586, 0], [0.013630731102850062, 0, 0.02271788517141677, 0.04378356051218505, 0, 0.016935150764147047, 0, 0.07187112763320942, 0.01486988847583643, 0, 0.09458901280462619, 0], [0, 0, 0, 0, 0, 0, 0, 0, 0, 0, 0, 0], [0, 0, 0.01486988847583643, 0.016935150764147047, 0, 0.004130524576621231, 0, 0.01858736059479554, 0.010326311441553077, 0, 0.00660883932259397, 0], [0, 0, 0, 0, 0, 0, 0, 0, 0, 0, 0, 0], [0.004543577034283354, 0, 0.008674101610904586, 0.08343659644774887, 0, 0.007021891780256092, 0, 0.01197852127220157, 0.01982651796778191, 0, 0.04378356051218505, 0], [0.01486988847583643, 0, 0.0028913672036348617, 0.027674514663362248, 0, 0.02808756712102437, 0, 0.01858736059479554, 0.0028913672036348617, 0, 0.02395704254440314, 0], [0, 0, 0, 0, 0, 0, 0, 0, 0, 0, 0, 0], [0.02395704254440314, 0, 0.013630731102850062, 0.07971912432878976, 0, 0.0107393638992152, 0, 0.04337050805452292, 0.02808756712102437, 0, 0.016522098306484923, 0], [0, 0, 0, 0, 0, 0, 0, 0, 0, 0, 0, 0]]
